0	0	0.9847813017563211	0.0029931304973885033	0.003563046811918375	0.006565511582658754	0.002097009351713404
1	1	0.024461707571545033	0.02574596990460807	0.4529641226487435	0.478790383045533	0.01803781682957047
2	2	0.0043329759612470145	0.004560461217573529	0.7534897074312319	0.23442176254995203	0.0031950928399954366
3	3	0.001685374369006555	0.0017738580863796954	0.0021116150481862647	0.0038910050271046084	0.990538147469323
4	4	0.0043329759612470145	0.004560461217573529	0.005428810008895393	0.01000349332325107	0.975674259489033
5	5	0.009096061523797576	0.009573613189398627	0.011396506761996654	0.9632264743560942	0.006707344168712964
6	6	0.9356844280157758	0.0029931304973885033	0.003563046811918375	0.05566238532320401	0.002097009351713404
7	7	0.0019723159991398426	0.9895487282389966	0.0024711258342068813	0.004553463971459107	0.0014543659561975831
8	8	0.143008869502216	0.0017237036156403033	0.25651997679059446	0.08860367853475996	0.5101437715567892
9	9	0.0029906589502997783	0.0031476713186994244	0.8298563806018368	0.16180000733567337	0.002205281793490742
10	10	0.010790591774468766	0.9428208222484611	0.013519593265936606	0.024912118999792565	0.007956873711340986
11	11	0.0035388037488068265	0.9812479340512538	0.004433787166802107	0.00816999678514183	0.0026094782479955513
12	12	0.0017895130123329781	0.0018834641050579515	0.03313690138879867	0.00413142875262846	0.9590586927411819
13	13	0.00786150799816886	0.008274244458761106	0.9599174747903726	0.01814977592161255	0.0057969968310849435
14	14	0.017198505182066053	0.01810144265385604	0.0215481040987748	0.9304699435360122	0.012682004529290998
15	15	0.9579292550985712	0.008274244458761106	0.009849727689970274	0.01814977592161255	0.0057969968310849435
16	16	0.006922023527064042	0.007285436181654247	0.964707511257407	0.015980798591008955	0.005104230442865699
17	17	0.00237701159314255	0.0025018069062006693	0.8237302092947538	0.005487780180171722	0.16590319202573137
18	18	0.009096061523797576	0.009573613189398627	0.011396506761996654	0.9632264743560942	0.006707344168712964
19	19	0.009096061523797576	0.009573613189398627	0.011396506761996654	0.9632264743560942	0.006707344168712964
20	20	0.0043329759612470145	0.2289787304442745	0.005428810008895393	0.01000349332325107	0.751255990262332
21	21	0.009096061523797576	0.009573613189398627	0.011396506761996654	0.8061887246118626	0.16374509391294456
22	22	0.013261024379525843	0.013957240457599903	0.01661481220381772	0.9463883771224363	0.009778545836620325
23	23	0.00247873284485475	0.9012777232919466	0.0031056183551160218	0.005722622900610651	0.08741530260747209
24	24	0.1435854718696549	0.27972217220173323	0.5527455831759145	0.01814977592161255	0.0057969968310849435
25	25	0.017198505182066053	0.9088653889036099	0.0215481040987748	0.039705997286258364	0.012682004529290998
26	26	0.4467776189016046	0.02574596990460807	0.03064821131868387	0.478790383045533	0.01803781682957047
27	27	0.024461707571545033	0.02574596990460807	0.03064821131868387	0.9011062943755926	0.01803781682957047
28	28	0.006922023527064042	0.007285436181654247	0.008672642299801669	0.9720156675486143	0.005104230442865699
29	29	0.00786150799816886	0.008274244458761106	0.009849727689970274	0.9682175230220148	0.0057969968310849435
30	30	0.0043329759612470145	0.977039627866611	0.005428810008895393	0.01000349332325107	0.0031950928399954366
31	31	0.024461707571545033	0.02574596990460807	0.03064821131868387	0.478790383045533	0.4403537281596301
32	32	0.004031402503763423	0.004243054873895667	0.0050509669239010005	0.9837018600890952	0.002972715609344661
33	33	0.017198505182066053	0.01810144265385604	0.615390734931944	0.33662731270284296	0.012682004529290998
34	34	0.0019073685947061751	0.0020075072148038973	0.990275129173796	0.004403520622494002	0.001406474394199954
35	35	0.637247060500724	0.16661136293363024	0.16843425650622826	0.020999975890704622	0.006707344168712964
36	36	0.00247873284485475	0.0026088686179630894	0.0031056183551160218	0.005722622900610651	0.9860841572814555
37	37	0.0061831144057345085	0.0065077336461975615	0.9684748983147263	0.014274887335599633	0.004559366297741787
38	38	0.08112311721081276	0.9090609685525242	0.0028607720028068916	0.00527145241453112	0.00168368981932516
39	39	0.9579292550985712	0.008274244458761106	0.009849727689970274	0.01814977592161255	0.0057969968310849435
40	40	0.005586743201038002	0.005880052400185458	0.3928060150076943	0.5916075812141209	0.004119608176961244
41	41	0.0061831144057345085	0.433497973387807	0.007746858896105285	0.5480126870126114	0.004559366297741787
42	42	0.005095294002000434	0.005362801662433064	0.886054208742597	0.01176344849010964	0.09172424710285977
43	43	0.4467776189016046	0.02574596990460807	0.4529641226487435	0.056474471715473436	0.01803781682957047
44	44	0.013261024379525843	0.013957240457599903	0.24555801167711067	0.7174451776491433	0.009778545836620325
45	45	0.0061831144057345085	0.9672357730648188	0.007746858896105285	0.014274887335599633	0.004559366297741787
46	46	0.0029906589502997783	0.0031476713186994244	0.003747013458599351	0.9879093744789107	0.002205281793490742
47	47	0.024461707571545033	0.02574596990460807	0.875280033978803	0.056474471715473436	0.01803781682957047
48	48	0.013261024379525843	0.9297300383507717	0.01661481220381772	0.030615579229264486	0.009778545836620325
49	49	0.010790591774468766	0.01135710784972143	0.013519593265936606	0.9563758333985323	0.007956873711340986
50	50	0.005586743201038002	0.9703959347901399	0.00699966205171254	0.012898051780148327	0.004119608176961244
51	51	0.8690935302316644	0.02574596990460807	0.03064821131868387	0.056474471715473436	0.01803781682957047
52	52	0.009096061523797576	0.009573613189398627	0.9536230052273863	0.020999975890704622	0.006707344168712964
53	53	0.00786150799816886	0.008274244458761106	0.009849727689970274	0.9682175230220148	0.0057969968310849435
54	54	0.0035388037488068265	0.0037245942274724093	0.06552899590578844	0.00816999678514183	0.9190376093327906
55	55	0.017198505182066053	0.9088653889036099	0.0215481040987748	0.039705997286258364	0.012682004529290998
56	56	0.010790591774468766	0.01135710784972143	0.013519593265936606	0.9563758333985323	0.007956873711340986
57	57	0.24832819564814218	0.0029931304973885033	0.003563046811918375	0.7430186176908377	0.002097009351713404
58	58	0.009096061523797576	0.009573613189398627	0.011396506761996654	0.17803772563493622	0.791896092889871
59	59	0.013261024379525843	0.013957240457599903	0.01661481220381772	0.9463883771224363	0.009778545836620325
60	60	0.024461707571545033	0.02574596990460807	0.03064821131868387	0.056474471715473436	0.8626696394896898
61	61	0.4467776189016046	0.02574596990460807	0.03064821131868387	0.478790383045533	0.01803781682957047
62	62	0.004031402503763423	0.004243054873895667	0.0050509669239010005	0.9837018600890952	0.002972715609344661
63	63	0.017198505182066053	0.01810144265385604	0.0215481040987748	0.9304699435360122	0.012682004529290998
64	64	0.002710738175471098	0.9856358406273993	0.003396299141769782	0.006258251022376497	0.0019988710329833857
65	65	0.002589549386835173	0.0027255031311677006	0.673848448525099	0.3189269913162625	0.0019095076406356172
66	66	0.5696688204137126	0.01135710784972143	0.013519593265936606	0.3974976047592884	0.007956873711340986
67	67	0.024461707571545033	0.02574596990460807	0.03064821131868387	0.9011062943755926	0.01803781682957047
68	68	0.010790591774468766	0.01135710784972143	0.013519593265936606	0.9563758333985323	0.007956873711340986
69	69	0.0061831144057345085	0.0065077336461975615	0.007746858896105285	0.9750029267542208	0.004559366297741787
70	70	0.0015096676390513963	0.0015889265901531265	0.8880490109775774	0.1077391810787996	0.0011132137144185166
71	71	0.8496884080058431	0.003966956247470016	0.004722296880440055	0.008701624340598967	0.13292071452564788
72	72	0.1264263821467647	0.2462941534210556	0.008672642299801669	0.6135025916895123	0.005104230442865699
73	73	0.006922023527064042	0.007285436181654247	0.008672642299801669	0.9720156675486143	0.005104230442865699
74	74	0.0033350482781016114	0.0035101414055942687	0.004178500788888919	0.9865170785116644	0.002459231015750863
75	75	0.4467776189016046	0.4480618812346677	0.03064821131868387	0.056474471715473436	0.01803781682957047
76	76	0.8690935302316644	0.02574596990460807	0.03064821131868387	0.056474471715473436	0.01803781682957047
77	77	0.006922023527064042	0.007285436181654247	0.7256987940180056	0.2549895158304103	0.005104230442865699
78	78	0.010790591774468766	0.01135710784972143	0.9449833076646763	0.024912118999792565	0.007956873711340986
79	79	0.9422543061732085	0.01135710784972143	0.013519593265936606	0.024912118999792565	0.007956873711340986
80	80	0.6864813273555991	0.008274244458761106	0.009849727689970274	0.28959770366458465	0.0057969968310849435
81	81	0.0061831144057345085	0.7537406531940141	0.11449441883150764	0.12102244727100198	0.004559366297741787
82	82	5.829123183284037E-4	6.135157556280318E-4	7.303341297879986E-4	0.9976434041227494	4.298336735060525E-4
83	83	0.010790591774468766	0.01135710784972143	0.9449833076646763	0.024912118999792565	0.007956873711340986
84	84	0.00786150799816886	0.9583419915591634	0.009849727689970274	0.01814977592161255	0.0057969968310849435
85	85	0.0061831144057345085	0.0065077336461975615	0.7549797784439217	0.12102244727100198	0.11130692623314414
86	86	0.024461707571545033	0.02574596990460807	0.03064821131868387	0.056474471715473436	0.8626696394896898
87	87	0.024461707571545033	0.4480618812346677	0.03064821131868387	0.056474471715473436	0.4403537281596301
88	88	0.024461707571545033	0.4480618812346677	0.03064821131868387	0.056474471715473436	0.4403537281596301
89	89	0.009096061523797576	0.32364911267786184	0.011396506761996654	0.649150974867631	0.006707344168712964
90	90	0.006922023527064042	0.007285436181654247	0.008672642299801669	0.9720156675486143	0.005104230442865699
91	91	0.005586743201038002	0.19878322887817634	0.7786123679636759	0.012898051780148327	0.004119608176961244
92	92	0.0029906589502997783	0.0031476713186994244	0.003747013458599351	0.9879093744789107	0.002205281793490742
93	93	0.3141198205986506	0.6119440734870253	0.0215481040987748	0.039705997286258364	0.012682004529290998
94	94	0.4467776189016046	0.02574596990460807	0.4529641226487435	0.056474471715473436	0.01803781682957047
95	95	0.8690935302316644	0.02574596990460807	0.03064821131868387	0.056474471715473436	0.01803781682957047
96	96	0.3833760775339647	0.1976498507294694	0.013519593265936606	0.3974976047592884	0.007956873711340986
97	97	0.0019723159991398426	0.0020758644182019424	0.0024711258342068813	0.004553463971459107	0.9889272297769922
98	98	0.4467776189016046	0.02574596990460807	0.4529641226487435	0.056474471715473436	0.01803781682957047
99	99	0.05462249439675211	0.0031476713186994244	0.003747013458599351	0.9362775390324584	0.002205281793490742
